1 0.856481 0.618313 0.131173 0.174897
1 0.728395 0.614198 0.127315 0.169753
1 0.587963 0.626543 0.127315 0.169753
1 0.459877 0.623457 0.138889 0.185185
0 0.326389 0.605967 0.138889 0.185185
0 0.188272 0.614198 0.123457 0.164609
1 0.053434 0.605967 0.106096 0.154321
1 0.967785 0.303498 0.063657 0.100823
1 0.888117 0.301440 0.075617 0.100823
1 0.800926 0.293210 0.075617 0.100823
1 0.726852 0.293210 0.083333 0.111111
1 0.645833 0.294239 0.083333 0.111111
1 0.554012 0.297325 0.083333 0.111111
1 0.469907 0.297325 0.083333 0.111111
1 0.375772 0.303498 0.083333 0.111111
1 0.298611 0.297325 0.083333 0.111111
0 0.212963 0.294239 0.083333 0.111111
1 0.125000 0.295267 0.071759 0.095679
0 0.036265 0.294239 0.071759 0.095679
1 0.964506 0.194444 0.061728 0.082305
1 0.892747 0.196502 0.061728 0.082305
1 0.827932 0.194444 0.061728 0.082305
1 0.758488 0.193416 0.065586 0.087449
1 0.686728 0.187243 0.065586 0.087449
1 0.611883 0.187243 0.065586 0.087449
1 0.540895 0.187243 0.065586 0.087449
1 0.478395 0.189300 0.065586 0.087449
0 0.401235 0.186214 0.065586 0.087449
1 0.335648 0.189300 0.065586 0.087449
1 0.261574 0.184156 0.065586 0.087449
1 0.189043 0.189300 0.065586 0.087449
1 0.113426 0.187243 0.057870 0.077160
1 0.039352 0.185185 0.057870 0.077160
1 0.960648 0.088477 0.050154 0.066872
1 0.910494 0.088477 0.050154 0.066872
1 0.864969 0.086420 0.050154 0.066872
1 0.803241 0.088477 0.050154 0.066872
1 0.753086 0.086420 0.054012 0.072016
1 0.695216 0.086420 0.054012 0.072016
1 0.642747 0.091564 0.054012 0.072016
1 0.594907 0.087449 0.054012 0.072016
1 0.533951 0.084362 0.054012 0.072016
1 0.478395 0.085391 0.054012 0.072016
1 0.419753 0.087449 0.054012 0.072016
1 0.366512 0.084362 0.054012 0.072016
1 0.310957 0.084362 0.054012 0.072016
1 0.256173 0.083333 0.054012 0.072016
1 0.204475 0.084362 0.054012 0.072016
1 0.145062 0.088477 0.050154 0.066872
1 0.095679 0.083333 0.050154 0.066872
1 0.041667 0.087449 0.050154 0.066872
1 0.878858 0.903549 0.146605 0.191872
1 0.537809 0.900206 0.146605 0.195473
1 0.175154 0.898148 0.146605 0.195473
