0 0.935957 0.513374 0.115741 0.154321
0 0.821759 0.533951 0.115741 0.154321
1 0.674383 0.567901 0.127315 0.169753
0 0.541667 0.578189 0.127315 0.169753
0 0.396605 0.598765 0.138889 0.185185
0 0.256944 0.621399 0.138889 0.185185
0 0.108796 0.641975 0.138889 0.185185
0 0.483025 0.266461 0.083333 0.111111
0 0.388889 0.278807 0.083333 0.111111
0 0.294753 0.291152 0.083333 0.111111
0 0.199846 0.300412 0.083333 0.111111
0 0.108025 0.313786 0.071759 0.095679
0 0.175926 0.188272 0.057870 0.077160
1 0.096451 0.204733 0.057870 0.077160
0 0.221451 0.070988 0.054012 0.072016
0 0.159722 0.086420 0.050154 0.066872
0 0.104938 0.090535 0.050154 0.066872
0 0.045525 0.106996 0.050154 0.066872
0 0.852623 0.853909 0.146605 0.195473
0 0.520062 0.886831 0.146605 0.195473
0 0.172068 0.903035 0.146605 0.192901
