0 0.830247 0.911523 0.092593 0.123457
1 0.767747 0.773663 0.077160 0.102881
0 0.655864 0.729424 0.061728 0.082305
1 0.575617 0.686214 0.061728 0.082305
1 0.512346 0.631687 0.061728 0.082305
1 0.459877 0.575103 0.042438 0.056584
1 0.409722 0.534979 0.042438 0.056584
1 0.362654 0.488683 0.042438 0.056584
1 0.317130 0.451646 0.034722 0.046296
1 0.284722 0.415638 0.034722 0.046296
1 0.249228 0.391975 0.034722 0.046296
1 0.215278 0.361111 0.034722 0.046296
0 0.183642 0.333333 0.034722 0.046296
1 0.664352 0.415638 0.042438 0.056584
1 0.608025 0.382716 0.034722 0.046296
1 0.564043 0.358025 0.034722 0.046296
1 0.521605 0.332305 0.034722 0.046296
1 0.483025 0.304527 0.034722 0.046296
1 0.445988 0.283951 0.027006 0.036008
1 0.419753 0.263374 0.027006 0.036008
1 0.389660 0.246914 0.027006 0.036008
1 0.361883 0.231481 0.027006 0.036008
0 0.329475 0.219136 0.027006 0.036008
1 0.614969 0.263374 0.034722 0.046296
1 0.569444 0.245885 0.027006 0.036008
1 0.532407 0.226337 0.027006 0.036008
1 0.502315 0.212963 0.027006 0.036008
1 0.474537 0.198560 0.027006 0.036008
1 0.442901 0.185185 0.027006 0.036008
1 0.445216 0.905350 0.092593 0.123457
1 0.323302 0.740741 0.092593 0.123457
1 0.233025 0.630658 0.077160 0.102881
1 0.152778 0.531893 0.069444 0.092593
1 0.094136 0.455761 0.057870 0.077160
0 0.034722 0.384774 0.057870 0.077160
